%%MatrixMarket matrix coordinate real general
4793 4793 12120
1 181 0.000000
1 901 0.000000
1 1819 0.000000
1 1997 0.000000
1 2247 0.000000
2 3 3231.110000
2 1996 293.870000
2 3572 67.390000
3 2 3231.110000
3 2409 292.880000
3 3502 339.420000
4 5 332.510000
4 2543 793.170000
4 3442 707.280000
5 4 332.510000
5 1587 125.390000
5 3018 81.170000
6 7 298.010000
6 4790 201.880000
7 6 298.010000
7 8 103.440000
7 2449 9.910000
8 7 103.440000
8 9 62.570000
9 8 62.570000
9 10 138.680000
10 9 138.680000
10 11 80.540000
10 12 201.200000
11 10 80.540000
11 1527 82.170000
12 10 201.200000
12 3412 102.620000
13 14 76.460000
13 4635 76.740000
14 13 76.460000
14 15 79.380000
15 14 79.380000
15 16 8.740000
15 17 128.350000
15 18 82.060000
16 15 8.740000
16 3448 82.870000
16 3769 61.610000
17 15 128.350000
17 820 89.310000
18 15 82.060000
18 24 51.720000
19 20 13.930000
19 21 20.480000
19 25 97.490000
20 19 13.930000
20 26 25.180000
21 19 20.480000
21 26 27.870000
22 23 47.620000
22 3441 34.860000
22 3444 96.340000
23 22 47.620000
23 4790 200.790000
24 18 51.720000
24 25 146.890000
25 19 97.490000
25 24 146.890000
26 20 25.180000
26 21 27.870000
26 27 285.660000
27 26 285.660000
27 2444 37.960000
28 29 111.730000
28 2444 33.360000
29 28 111.730000
29 3757 31.410000
30 31 40.230000
30 32 125.290000
30 33 104.480000
30 34 32.030000
31 30 40.230000
31 34 48.210000
31 37 33.940000
32 30 125.290000
32 631 146.690000
33 30 104.480000
33 1624 125.690000
33 2140 37.590000
33 2141 28.970000
34 30 32.030000
34 31 48.210000
34 4107 72.110000
35 36 34.590000
35 37 35.210000
35 38 28.260000
35 3585 49.410000
36 35 34.590000
36 38 42.180000
36 39 119.000000
36 3585 73.610000
37 31 33.940000
37 35 35.210000
37 1711 77.510000
38 35 28.260000
38 36 42.180000
38 1711 37.570000
39 36 119.000000
39 40 78.840000
40 39 78.840000
40 41 80.420000
41 40 80.420000
41 42 77.210000
42 41 77.210000
42 43 77.880000
43 42 77.880000
43 44 78.150000
44 43 78.150000
44 45 70.410000
45 44 70.410000
45 3971 9.760000
45 4317 9.770000
46 47 96.950000
46 48 81.010000
47 46 96.950000
47 49 97.840000
48 46 81.010000
48 4315 8.660000
48 4320 8.900000
49 47 97.840000
49 50 100.200000
50 49 100.200000
50 51 69.830000
50 52 137.350000
51 50 69.830000
51 100 206.950000
52 50 137.350000
52 99 69.370000
53 54 26.680000
53 55 261.010000
53 2419 329.370000
54 53 26.680000
54 56 192.580000
54 1519 327.740000
54 1994 260.700000
55 53 261.010000
55 1993 291.170000
55 1994 27.070000
56 54 192.580000
56 57 180.580000
57 56 180.580000
58 59 138.580000
58 60 96.920000
58 61 193.780000
59 58 138.580000
59 62 138.790000
60 58 96.920000
60 244 94.930000
61 58 193.780000
61 245 108.590000
61 246 276.610000
61 247 98.330000
62 59 138.790000
62 65 269.060000
62 246 192.360000
62 4526 96.200000
63 64 96.830000
63 65 15.340000
63 66 269.580000
63 1563 192.510000
64 63 96.830000
64 950 94.220000
65 62 269.060000
65 63 15.340000
65 1521 191.870000
65 3485 191.990000
66 63 269.580000
66 67 276.190000
66 68 192.080000
66 69 96.590000
67 66 276.190000
67 70 68.620000
67 2021 191.670000
67 2199 1010.970000
67 3002 1004.780000
68 66 192.080000
68 949 191.940000
68 1563 269.790000
68 2020 139.220000
68 2380 761.010000
69 66 96.590000
69 871 95.730000
70 67 68.620000
70 71 63.920000
71 70 63.920000
71 72 6.150000
72 71 6.150000
72 73 20.450000
73 72 20.450000
73 74 50.430000
74 73 50.430000
74 2981 66.820000
75 76 96.470000
75 77 192.370000
75 78 82.490000
75 79 193.390000
76 75 96.470000
76 80 149.410000
76 1746 112.430000
77 75 192.370000
77 394 193.370000
77 2042 74.970000
77 3214 291.730000
77 3854 191.660000
78 75 82.490000
78 80 39.400000
79 75 193.390000
79 3851 46.210000
79 3852 9.730000
79 3853 153.060000
80 76 149.410000
80 78 39.400000
80 2228 38.260000
80 2229 49.850000
80 3211 74.240000
81 82 12.120000
81 83 71.200000
82 81 12.120000
82 84 83.510000
83 81 71.200000
83 2300 84.630000
84 82 83.510000
84 1564 84.290000
85 86 51.660000
85 87 53.010000
86 85 51.660000
86 1071 104.730000
87 85 53.010000
87 1068 106.540000
88 89 133.020000
88 90 34.330000
89 88 133.020000
89 3928 33.110000
89 4293 73.620000
90 88 34.330000
90 91 39.990000
90 92 163.540000
91 90 39.990000
92 90 163.540000
92 3385 37.130000
93 94 110.440000
93 95 406.820000
94 93 110.440000
94 96 102.580000
95 93 406.820000
95 2168 252.610000
95 3385 342.890000
96 94 102.580000
96 97 95.400000
97 96 95.400000
97 98 66.930000
98 97 66.930000
98 1526 32.640000
99 52 69.370000
99 1526 104.980000
99 4428 101.720000
99 4429 99.410000
100 51 206.950000
100 2576 13.620000
100 2577 98.770000
100 2578 100.750000
101 102 51.820000
101 103 149.620000
102 101 51.820000
102 104 28.570000
102 106 50.090000
103 101 149.620000
103 2576 206.210000
103 4632 88.300000
104 102 28.570000
104 105 152.660000
104 106 54.130000
104 107 121.950000
105 104 152.660000
105 2286 72.230000
106 102 50.090000
106 104 54.130000
106 911 49.110000
107 104 121.950000
107 108 63.630000
108 107 63.630000
108 109 41.260000
109 108 41.260000
109 110 105.290000
110 109 105.290000
110 3989 99.240000
110 4670 185.610000
111 112 23.840000
111 113 115.550000
111 940 21.720000
111 3747 54.310000
112 111 23.840000
112 984 43.930000
112 2311 15.810000
112 3042 50.550000
113 111 115.550000
113 114 84.570000
114 113 84.570000
114 115 149.830000
114 116 91.040000
114 117 65.280000
114 3459 137.510000
115 114 149.830000
115 118 32.600000
115 119 29.890000
116 114 91.040000
116 473 46.650000
117 114 65.280000
117 471 59.980000
118 115 32.600000
118 1702 24.560000
118 2302 21.870000
118 3152 13.090000
118 4791 85.700000
119 115 29.890000
119 1702 21.870000
119 1703 28.570000
120 121 102.600000
120 122 101.370000
121 120 102.600000
121 4461 72.800000
122 120 101.370000
122 2202 213.440000
123 124 100.300000
123 2244 225.680000
124 123 100.300000
124 2486 68.590000
125 126 26.520000
125 127 54.610000
125 1284 24.070000
125 2486 10.090000
126 125 26.520000
126 162 520.510000
126 2483 9.850000
127 125 54.610000
127 128 368.400000
127 1284 49.650000
128 127 368.400000
128 129 222.800000
129 128 222.800000
129 130 25.410000
129 131 24.650000
129 1425 47.820000
129 2118 397.180000
130 129 25.410000
130 131 13.670000
130 132 29.030000
130 161 33.840000
131 129 24.650000
131 130 13.670000
131 3100 24.790000
131 3535 38.370000
132 130 29.030000
132 161 43.770000
132 3534 5.410000
133 134 201.680000
133 3533 209.150000
134 133 201.680000
134 135 5.350000
134 183 87.010000
134 3434 10.600000
135 134 5.350000
135 136 6.670000
136 135 6.670000
136 137 200.910000
136 2465 10.060000
136 4313 87.940000
137 136 200.910000
137 138 206.710000
138 137 206.710000
138 139 207.910000
139 138 207.910000
139 140 207.500000
140 139 207.500000
140 141 207.150000
140 287 10.170000
140 302 93.550000
141 140 207.150000
141 142 206.780000
142 141 206.780000
142 143 207.490000
143 142 207.490000
143 144 207.000000
144 143 207.000000
144 4401 207.690000
145 146 10.170000
145 147 207.280000
145 148 93.720000
145 4401 207.060000
146 145 10.170000
146 1255 85.300000
146 2475 207.050000
146 2476 207.320000
147 145 207.280000
147 149 207.120000
148 145 93.720000
148 2128 94.510000
149 147 207.120000
149 150 10.620000
149 151 90.510000
149 152 207.130000
150 149 10.620000
150 1256 89.520000
150 2476 207.210000
150 2477 207.010000
151 149 90.510000
151 1821 94.530000
152 149 207.130000
152 153 303.030000
153 152 303.030000
153 154 19.400000
153 155 165.890000
153 2201 13.420000
154 153 19.400000
154 2257 87.710000
154 2481 11.930000
154 2745 197.730000
155 153 165.890000
155 263 201.430000
156 157 12.860000
156 158 34.780000
156 159 156.700000
156 2745 31.870000
157 156 12.860000
157 1872 30.760000
157 2480 31.790000
157 2481 236.010000
158 156 34.780000
158 1873 60.420000
158 2745 32.220000
159 156 156.700000
159 160 241.750000
160 159 241.750000
160 161 178.820000
161 130 33.840000
161 132 43.770000
161 160 178.820000
162 126 520.510000
162 3535 92.730000
163 164 372.590000
163 2482 50.550000
163 4288 42.790000
164 163 372.590000
164 2245 36.890000
164 3594 26.480000
164 3595 36.550000
165 166 67.180000
165 167 80.990000
166 165 67.180000
166 2076 96.220000
167 165 80.990000
167 168 75.990000
168 167 75.990000
168 1312 79.490000
169 170 94.350000
169 171 94.410000
170 169 94.350000
170 1899 94.600000
171 169 94.410000
171 578 94.620000
172 173 280.310000
172 2358 290.440000
173 172 280.310000
173 2355 115.970000
174 175 110.060000
174 2755 151.690000
175 174 110.060000
175 2757 61.740000
175 3363 110.160000
176 177 68.960000
176 3936 118.090000
177 176 68.960000
177 3054 191.330000
178 179 54.570000
178 180 91.460000
179 178 54.570000
179 551 13.910000
180 178 91.460000
180 3834 47.670000
180 4774 109.400000
181 1 0.000000
181 182 94.400000
181 230 94.760000
182 181 94.400000
182 3427 94.570000
183 134 87.010000
183 184 94.410000
184 183 94.410000
184 185 94.530000
185 184 94.530000
185 186 94.820000
186 185 94.820000
186 187 94.590000
186 188 94.850000
187 186 94.590000
187 4208 36.240000
188 186 94.850000
188 4210 94.490000
189 190 83.970000
189 191 31.500000
190 189 83.970000
190 4205 10.600000
190 4206 12.310000
191 189 31.500000
191 4209 62.850000
192 193 8.310000
192 194 94.470000
193 192 8.310000
193 195 86.240000
193 4207 9.710000
194 192 94.470000
194 4205 94.560000
194 4206 94.770000
194 4207 94.610000
195 193 86.240000
195 196 37.410000
196 195 37.410000
196 197 57.310000
197 196 57.310000
197 198 94.480000
198 197 94.480000
198 199 94.110000
199 198 94.110000
199 200 26.210000
200 199 26.210000
200 4211 68.610000
201 202 49.540000
201 203 27.990000
202 201 49.540000
202 204 44.950000
202 4215 45.510000
203 201 27.990000
203 4211 66.750000
204 202 44.950000
204 205 40.370000
205 204 40.370000
205 1768 13.610000
205 1774 15.140000
205 2729 6.930000
205 2735 207.280000
206 207 14.150000
206 208 94.700000
207 206 14.150000
207 1772 80.400000
207 4214 80.680000
208 206 94.700000
208 209 22.850000
209 208 22.850000
209 210 71.650000
210 209 71.650000
210 211 94.360000
211 210 94.360000
211 212 94.690000
212 211 94.690000
212 213 21.140000
213 212 21.140000
213 4213 73.330000
214 215 94.460000
214 216 28.000000
215 214 94.460000
215 217 26.410000
216 214 28.000000
216 4213 66.610000
217 215 26.410000
217 4212 68.030000
218 219 24.950000
218 220 94.720000
219 218 24.950000
219 4212 69.610000
220 218 94.720000
220 223 94.320000
221 222 207.480000
221 227 207.080000
222 221 207.480000
222 1007 94.510000
223 220 94.320000
223 224 207.350000
223 225 207.080000
223 226 21.930000
224 223 207.350000
224 1602 204.090000
225 223 207.080000
225 670 13.380000
226 223 21.930000
227 221 207.080000
227 4378 207.210000
228 229 94.360000
228 230 94.620000
229 228 94.360000
229 4048 207.310000
229 4595 94.490000
229 4712 207.310000
230 181 94.760000
230 228 94.620000
230 2894 94.760000
230 4379 207.300000
231 232 75.360000
231 4400 101.790000
232 231 75.360000
232 1948 74.170000
233 234 126.970000
234 233 126.970000
234 235 86.960000
234 236 278.100000
234 237 193.940000
235 234 86.960000
235 1282 192.930000
235 1283 189.100000
235 4605 226.960000
236 234 278.100000
236 584 248.350000
236 1522 193.640000
236 1523 108.670000
237 234 193.940000
237 238 191.310000
237 1282 89.630000
237 1522 277.700000
238 237 191.310000
238 239 118.620000
238 240 193.510000
238 318 57.440000
239 238 118.620000
239 243 195.780000
239 314 158.960000
240 238 193.510000
240 241 139.560000
240 242 124.800000
240 243 140.490000
241 240 139.560000
241 317 195.940000
241 380 136.610000
242 240 124.800000
242 244 68.030000
243 239 195.780000
243 240 140.490000
243 3572 222.280000
243 4106 114.960000
244 60 94.930000
244 242 68.030000
244 1996 99.940000
244 2014 140.090000
245 61 108.590000
245 1519 235.470000
245 3057 278.110000
245 3059 24.430000
246 61 276.610000
246 62 192.360000
246 1521 270.220000
246 3057 109.340000
247 61 98.330000
247 1519 131.880000
248 249 133.360000
248 250 134.610000
248 3372 142.730000
249 248 133.360000
249 3369 102.100000
250 248 134.610000
250 1033 95.280000
251 252 103.810000
251 253 108.710000
252 251 103.810000
252 794 104.170000
252 1074 146.570000
253 251 108.710000
253 1449 102.760000
254 255 103.620000
254 256 105.060000
255 254 103.620000
255 1231 10.580000
255 1232 146.900000
255 1911 146.420000
256 254 105.060000
256 4491 105.190000
257 258 181.890000
257 259 103.800000
257 2763 43.770000
258 257 181.890000
258 2764 31.170000
258 3948 36.750000
259 257 103.800000
259 1172 146.600000
259 1840 10.560000
259 2045 146.690000
260 261 103.960000
260 262 105.160000
261 260 103.960000
261 1597 10.590000
261 1620 148.650000
261 3122 148.570000
262 260 105.160000
262 1454 104.500000
263 155 201.430000
263 264 67.050000
264 263 67.050000
264 3460 119.030000
264 3586 25.880000
265 266 140.810000
265 267 102.220000
266 265 140.810000
266 2218 87.200000
266 2219 83.990000
267 265 102.220000
267 3287 44.890000
267 3797 41.460000
268 269 144.480000
268 2279 141.560000
269 268 144.480000
269 1173 85.410000
269 1798 85.740000
270 271 85.380000
270 272 84.070000
271 270 85.380000
271 1206 144.540000
271 2074 170.650000
271 2078 141.390000
272 270 84.070000
272 273 62.620000
273 272 62.620000
273 274 61.090000
273 275 135.870000
273 276 108.730000
274 273 61.090000
274 277 138.990000
275 273 135.870000
275 410 72.140000
276 273 108.730000
276 352 42.010000
277 274 138.990000
277 278 95.020000
277 279 112.530000
277 280 177.260000
278 277 95.020000
278 281 97.120000
279 277 112.530000
279 350 68.220000
280 277 177.260000
280 354 95.040000
280 355 178.510000
281 278 97.120000
281 282 102.000000
281 283 178.120000
281 284 180.440000
282 281 102.000000
282 285 90.610000
283 281 178.120000
283 354 96.930000
283 915 96.760000
283 916 177.760000
284 281 180.440000
284 353 96.490000
284 1514 179.220000
284 1516 102.630000
285 282 90.610000
285 286 179.630000
285 288 80.270000
285 289 80.770000
286 285 179.630000
286 1516 90.510000
286 1986 78.780000
286 1987 180.350000
287 140 10.170000
287 2470 207.290000
287 2471 207.210000
288 285 80.270000
288 290 114.980000
289 285 80.770000
289 583 96.930000
290 288 114.980000
290 291 84.760000
290 292 179.290000
290 293 178.680000
290 4145 81.830000
291 290 84.760000
291 294 34.640000
292 290 179.290000
292 558 180.600000
292 559 85.410000
292 560 87.010000
293 290 178.680000
293 918 68.550000
293 4353 8.160000
293 4354 177.820000
294 291 34.640000
294 295 72.350000
295 294 72.350000
295 296 8.610000
295 490 177.830000
295 2885 89.500000
296 295 8.610000
296 297 89.660000
296 298 191.050000
296 2848 180.630000
297 296 89.660000
297 489 88.340000
298 296 191.050000
298 300 13.160000
298 2851 57.960000
298 2853 44.140000
299 300 74.880000
299 301 120.090000
300 298 13.160000
300 299 74.880000
300 3400 58.070000
300 4384 95.600000
301 299 120.090000
302 140 93.550000
302 305 94.450000
303 304 50.310000
303 306 280.340000
304 303 50.310000
304 4233 9.450000
305 302 94.450000
305 319 94.480000
306 303 280.340000
306 307 78.520000
307 306 78.520000
307 308 93.800000
308 307 93.800000
308 2204 56.100000
308 3868 111.570000
309 310 128.980000
309 311 117.880000
310 309 128.980000
310 312 121.850000
311 309 117.880000
311 1674 87.970000
312 310 121.850000
312 313 77.390000
313 312 77.390000
313 635 75.990000
314 239 158.960000
314 315 70.910000
314 316 107.430000
314 1522 190.890000
315 314 70.910000
315 1524 34.460000
315 1525 123.330000
316 314 107.430000
316 379 193.000000
316 3568 109.940000
316 3571 59.010000
317 241 195.940000
317 318 82.210000
317 4122 71.360000
317 4702 188.810000
318 238 57.440000
318 317 82.210000
319 305 94.480000
319 360 94.510000
320 321 165.640000
320 322 98.670000
321 320 165.640000
321 4102 13.360000
321 4103 13.200000
322 320 98.670000
322 323 72.660000
322 324 276.680000
322 2131 188.210000
323 322 72.660000
323 2132 57.850000
324 322 276.680000
324 325 188.600000
324 326 71.630000
324 327 129.280000
325 324 188.600000
325 542 8.310000
325 4256 86.060000
325 4369 276.140000
326 324 71.630000
326 948 56.620000
327 324 129.280000
327 3462 147.400000
328 329 11.300000
328 330 36.260000
329 328 11.300000
329 3462 54.440000
330 328 36.260000
330 331 36.310000
331 330 36.310000
331 332 36.140000
332 331 36.140000
332 4323 94.580000
333 334 67.910000
333 335 70.130000
334 333 67.910000
334 4323 7.120000
334 4619 191.520000
334 4621 68.480000
335 333 70.130000
335 336 138.840000
336 335 138.840000
336 337 123.970000
336 338 191.850000
336 2309 191.220000
337 336 123.970000
337 391 69.060000
338 336 191.850000
338 339 191.240000
338 340 75.510000
338 395 117.140000
339 338 191.240000
339 1025 194.170000
339 2309 190.900000
339 4506 54.390000
340 338 75.510000
340 341 74.400000
341 340 74.400000
341 342 6.370000
341 347 57.650000
341 954 191.450000
342 341 6.370000
342 347 58.020000
342 2129 110.610000
343 344 119.320000
343 345 193.270000
343 346 136.530000
343 347 92.890000
344 343 119.320000
344 943 72.930000
345 343 193.270000
345 397 148.100000
345 399 80.260000
345 401 123.260000
346 343 136.530000
346 348 148.810000
347 341 57.650000
347 342 58.020000
347 343 92.890000
348 346 148.810000
348 3154 11.590000
348 3159 189.840000
348 3618 68.860000
349 350 179.090000
349 351 178.000000
350 279 68.220000
350 349 179.090000
350 352 193.660000
350 353 95.360000
351 349 178.000000
351 3155 89.200000
352 276 42.010000
352 350 193.660000
352 408 60.500000
352 1205 62.720000
353 284 96.490000
353 350 95.360000
354 280 95.040000
354 283 96.930000
355 280 178.510000
355 356 177.780000
356 355 177.780000
356 357 178.290000
357 356 178.290000
357 358 177.750000
358 357 177.750000
358 359 178.480000
359 358 178.480000
359 361 177.690000
360 319 94.510000
360 381 94.640000
361 359 177.690000
361 362 96.250000
361 363 95.970000
361 364 177.530000
362 361 96.250000
362 418 98.730000
363 361 95.970000
363 754 96.570000
364 361 177.530000
364 365 178.880000
365 364 178.880000
365 366 53.930000
366 365 53.930000
366 368 56.690000
367 368 10.670000
367 369 116.120000
367 370 191.670000
367 2061 111.170000
368 366 56.690000
368 367 10.670000
368 2562 96.240000
368 3687 109.600000
369 367 116.120000
369 371 44.040000
370 367 191.670000
370 421 10.450000
370 422 82.510000
371 369 44.040000
371 372 180.960000
372 371 180.960000
372 373 109.990000
373 372 109.990000
373 374 310.920000
374 373 310.920000
374 1152 60.910000
375 376 192.930000
375 377 110.400000
375 378 191.770000
375 379 217.610000
376 375 192.930000
376 3568 109.360000
376 3569 192.380000
376 3570 109.290000
377 375 110.400000
377 3570 194.090000
377 4180 100.980000
378 375 191.770000
378 1994 70.160000
378 1995 108.320000
379 316 193.000000
379 375 217.610000
379 1525 103.310000
379 3396 133.860000
380 241 136.610000
380 382 119.900000
380 4103 195.070000
380 4543 65.940000
381 360 94.640000
381 400 94.370000
382 380 119.900000
382 383 157.740000
383 382 157.740000
383 949 276.100000
383 1562 64.880000
383 2132 65.570000
383 3616 362.270000
383 4324 68.740000
384 385 71.560000
384 949 66.720000
385 384 71.560000
385 4373 138.140000
386 387 34.520000
386 3461 13.930000
387 386 34.520000
387 388 71.780000
388 387 71.780000
388 389 101.680000
389 388 101.680000
389 4412 107.520000
389 4565 8.720000
389 4621 124.500000
390 391 210.850000
390 4565 57.200000
391 337 69.060000
391 390 210.850000
391 392 8.880000
391 393 12.000000
392 391 8.880000
392 393 15.000000
392 4544 86.700000
392 4566 83.920000
393 391 12.000000
393 392 15.000000
393 3183 108.150000
394 77 193.370000
394 395 75.960000
394 396 75.150000
394 3183 72.110000
395 338 117.140000
395 394 75.960000
396 394 75.150000
396 397 74.430000
397 345 148.100000
397 396 74.430000
397 398 192.750000
397 2129 76.130000
398 397 192.750000
398 2042 74.520000
398 2044 142.950000
398 2228 177.580000
398 3325 503.540000
399 345 80.260000
399 402 18.940000
400 381 94.370000
400 443 94.410000
401 345 123.260000
401 2044 71.960000
401 2051 39.340000
402 399 18.940000
402 406 44.390000
402 3955 48.490000
403 404 28.950000
403 405 222.560000
403 406 11.810000
403 3954 33.690000
404 403 28.950000
404 3953 59.450000
404 3954 41.640000
405 403 222.560000
405 2044 10.550000
405 2228 224.810000
405 3688 35.310000
406 402 44.390000
406 403 11.810000
406 3619 64.960000
406 3955 39.850000
407 408 82.120000
407 409 37.010000
408 352 60.500000
408 407 82.120000
409 407 37.010000
409 4109 106.610000
410 275 72.140000
410 411 68.670000
411 410 68.670000
411 412 108.580000
412 411 108.580000
412 4362 34.380000
413 414 177.880000
413 415 115.500000
414 413 177.880000
414 416 177.860000
415 413 115.500000
415 4362 28.320000
416 414 177.860000
416 417 177.970000
417 416 177.970000
417 418 177.770000
418 362 98.730000
418 417 177.770000
418 419 177.830000
418 420 80.690000
419 418 177.830000
419 936 178.880000
420 418 80.690000
420 753 78.900000
421 370 10.450000
421 1327 82.510000
421 2561 66.090000
421 2562 96.930000
422 370 82.510000
422 1208 79.450000
422 1327 10.430000
422 1328 102.180000
423 424 97.200000
423 425 138.620000
423 1180 105.120000
423 1407 146.730000
424 423 97.200000
424 1405 145.930000
424 2130 226.190000
425 423 138.620000
425 1179 105.030000
425 3672 23.930000
426 427 66.530000
426 1472 146.880000
427 426 66.530000
427 1406 104.980000
427 1407 80.130000
428 429 104.450000
428 430 146.480000
428 431 146.810000
428 1474 105.110000
429 428 104.450000
429 1507 146.510000
429 1508 146.860000
429 1509 104.450000
430 428 146.480000
430 1471 105.090000
430 1472 146.580000
430 1507 104.480000
431 428 146.810000
431 434 105.160000
431 435 146.540000
431 1508 104.410000
432 433 94.640000
432 462 94.470000
433 432 94.640000
433 2453 40.830000
434 431 105.160000
434 1475 104.550000
435 431 146.540000
435 436 104.380000
435 437 146.760000
435 1476 105.180000
436 435 104.380000
436 438 146.680000
436 1508 146.460000
436 1510 104.570000
437 435 146.760000
437 438 104.460000
437 439 105.220000
437 2514 137.260000
438 436 146.680000
438 437 104.460000
438 1059 136.480000
438 1060 104.510000
439 437 105.220000
439 1057 104.560000
440 441 10.310000
440 442 105.340000
440 1479 136.430000
440 1512 52.180000
441 440 10.310000
441 2514 9.130000
442 440 105.340000
442 1477 104.420000
443 400 94.410000
443 456 94.610000
444 445 102.950000
444 1167 105.010000
445 444 102.950000
445 1725 12.820000
445 2535 10.160000
445 2536 110.320000
446 447 88.320000
446 1480 105.240000
447 446 88.320000
447 1618 15.130000
447 1636 7.770000
447 2519 146.120000
448 449 7.090000
448 4199 8.910000
449 448 7.090000
449 4096 165.420000
450 451 67.230000
450 452 6.060000
451 450 67.230000
451 1581 31.230000
452 450 6.060000
452 1988 92.870000
453 454 194.800000
453 455 196.680000
454 453 194.800000
454 922 195.950000
455 453 196.680000
455 921 13.150000
455 4284 87.080000
455 4384 82.310000
456 443 94.610000
456 463 94.510000
457 458 97.110000
457 459 98.670000
458 457 97.110000
458 766 98.150000
459 457 98.670000
459 2864 96.190000
460 461 141.600000
460 3574 146.750000
461 460 141.600000
461 2297 46.660000
461 3187 19.310000
461 3188 101.640000
462 432 94.470000
462 4435 94.350000
463 456 94.510000
463 467 94.590000
464 465 85.260000
464 466 85.240000
465 464 85.260000
465 650 85.310000
466 464 85.240000
466 1983 28.350000
467 463 94.590000
467 475 94.520000
468 469 63.080000
468 470 84.150000
469 468 63.080000
469 783 140.110000
470 468 84.150000
470 634 94.310000
470 1613 104.700000
471 117 59.980000
471 472 68.630000
472 471 68.630000
472 562 191.650000
472 563 89.460000
473 116 46.650000
473 474 56.740000
474 473 56.740000
474 3733 9.070000
474 3734 8.600000
474 3735 55.390000
475 467 94.520000
475 478 94.650000
476 477 339.730000
476 2238 232.180000
477 476 339.730000
477 1424 15.340000
477 2167 232.840000
478 475 94.650000
478 482 94.520000
479 480 94.550000
479 481 94.730000
480 479 94.550000
480 643 94.640000
481 479 94.730000
481 774 94.380000
482 478 94.520000
482 509 94.390000
483 484 94.500000
483 485 94.750000
484 483 94.500000
484 646 94.540000
485 483 94.750000
485 780 94.490000
486 487 94.810000
486 488 94.490000
487 486 94.810000
487 3581 94.420000
488 486 94.490000
488 1178 92.810000
489 297 88.340000
489 490 8.350000
489 491 177.750000
489 492 104.890000
490 295 177.830000
490 489 8.350000
490 920 69.620000
490 2886 177.770000
491 489 177.750000
491 3266 89.180000
492 489 104.890000
492 921 87.570000
493 494 89.370000
493 3266 88.690000
494 493 89.370000
494 3267 88.400000
495 496 89.390000
495 498 88.380000
496 495 89.390000
496 2886 177.970000
497 498 89.500000
497 502 88.850000
498 495 88.380000
498 497 89.500000
499 500 178.080000
499 3267 178.340000
500 499 178.080000
500 503 177.070000
501 502 88.730000
501 2887 89.400000
502 497 88.850000
502 501 88.730000
503 500 177.070000
503 504 8.170000
503 505 94.300000
503 506 177.950000
504 503 8.170000
504 555 109.430000
504 2889 87.500000
504 2890 177.940000
505 503 94.300000
505 763 97.250000
506 503 177.950000
506 507 178.710000
507 506 178.710000
507 508 77.000000
508 507 77.000000
508 515 8.770000
508 2068 46.690000
508 2070 15.150000
509 482 94.390000
509 517 94.630000
510 511 89.360000
510 2070 84.980000
511 510 89.360000
511 3263 87.640000
512 513 89.430000
512 3934 85.410000
513 512 89.430000
513 514 84.650000
514 513 84.650000
514 515 16.310000
514 516 188.280000
514 2070 9.900000
515 508 8.770000
515 514 16.310000
515 2891 76.140000
515 3988 190.120000
516 514 188.280000
516 1573 177.160000
516 3832 168.130000
516 3988 11.930000
517 509 94.630000
517 535 94.610000
518 519 170.970000
518 3956 293.300000
519 518 170.970000
519 1726 110.110000
519 1727 109.600000
520 521 146.560000
520 3435 146.440000
521 520 146.560000
521 617 146.840000
522 523 146.450000
522 1223 146.570000
523 522 146.450000
523 621 146.600000
524 525 146.570000
524 526 146.610000
525 524 146.570000
525 1170 146.580000
526 524 146.610000
526 1227 146.620000
527 528 146.680000
527 1232 146.320000
528 527 146.680000
528 1172 146.700000
529 530 185.910000
529 531 84.010000
530 529 185.910000
530 3524 17.660000
531 529 84.010000
531 3463 25.590000
531 3464 27.900000
532 533 51.890000
532 534 97.950000
533 532 51.890000
533 857 79.480000
534 532 97.950000
534 855 170.840000
535 517 94.610000
535 543 94.520000
536 537 74.220000
536 538 45.570000
537 536 74.220000
537 1888 74.900000
538 536 45.570000
538 1844 13.630000
538 2741 22.880000
538 3359 206.880000
539 540 70.560000
539 541 66.440000
539 542 119.000000
540 539 70.560000
540 541 25.620000
540 2130 251.460000
541 539 66.440000
541 540 25.620000
541 730 84.580000
541 947 262.860000
542 325 8.310000
542 539 119.000000
542 4256 86.280000
543 535 94.520000
543 566 40.430000
544 545 57.690000
544 941 66.910000
545 544 57.690000
545 954 69.110000
546 547 57.840000
546 548 66.530000
547 546 57.840000
547 943 68.320000
548 546 66.530000
548 940 179.970000
548 941 149.560000
548 942 192.520000
548 2310 123.890000
549 550 37.500000
549 551 63.840000
550 549 37.500000
550 782 116.420000
551 179 13.910000
551 549 63.840000
552 553 98.020000
552 554 177.840000
552 555 82.170000
552 556 177.090000
553 552 98.020000
553 758 96.550000
554 552 177.840000
554 1015 178.500000
555 504 109.430000
555 552 82.170000
556 552 177.090000
556 557 178.170000
556 4345 178.150000
557 556 178.170000
557 4350 178.370000
558 292 180.600000
558 561 102.420000
559 292 85.410000
559 1342 23.550000
560 292 87.010000
560 1986 28.260000
561 558 102.420000
561 2415 76.230000
562 472 191.650000
562 3338 65.120000
562 3779 69.990000
562 4792 67.720000
563 472 89.460000
563 2547 84.740000
563 3733 88.760000
563 3734 89.190000
563 3742 22.350000
564 565 10.520000
564 567 73.600000
565 564 10.520000
565 732 71.150000
566 543 40.430000
566 568 13.620000
566 2730 207.350000
566 2736 207.380000
567 564 73.600000
567 1861 71.770000
568 566 13.620000
568 572 207.380000
568 576 40.280000
568 1799 207.350000
569 570 93.380000
569 571 99.160000
570 569 93.380000
570 1255 95.540000
571 569 99.160000
571 1800 100.780000
572 568 207.380000
572 1804 206.850000
573 574 93.530000
573 575 100.430000
574 573 93.530000
574 1256 94.030000
575 573 100.430000
575 1818 97.180000
576 568 40.280000
576 579 94.650000
577 578 94.380000
577 580 99.160000
578 171 94.620000
578 577 94.380000
579 576 94.650000
579 610 94.610000
580 577 99.160000
580 1301 98.930000
581 582 60.510000
581 583 65.960000
582 581 60.510000
582 4353 65.180000
583 289 96.930000
583 581 65.960000
583 915 96.270000
583 917 177.820000
584 236 248.350000
584 587 48.640000
584 1083 104.220000
585 586 104.930000
585 587 54.960000
585 588 104.650000
585 590 145.910000
586 585 104.930000
586 1083 104.640000
586 2156 146.120000
586 2157 106.880000
587 584 48.640000
587 585 54.960000
588 585 104.650000
588 3751 13.930000
588 4603 145.530000
589 590 147.120000
589 591 105.150000
589 592 137.330000
589 4604 104.740000
590 585 145.910000
590 589 147.120000
590 2156 104.500000
590 4603 105.160000
591 589 105.150000
591 1182 136.170000
591 2156 145.760000
591 2158 107.040000
592 589 137.330000
592 593 136.000000
593 592 136.000000
593 595 145.960000
594 595 3.970000
594 597 4.270000
595 593 145.960000
595 594 3.970000
595 2159 104.600000
595 4163 104.960000
596 597 142.640000
596 598 146.800000
597 594 4.270000
597 596 142.640000
597 1409 104.600000
597 4163 104.980000
598 596 146.800000
598 599 104.520000
598 600 146.520000
598 4608 104.830000
599 598 104.520000
599 1037 146.930000
599 1935 146.500000
600 598 146.520000
600 601 104.850000
600 602 146.600000
600 1935 104.480000
601 600 104.850000
601 4609 105.100000
602 600 146.600000
602 603 104.600000
602 604 146.990000
602 4610 104.720000
603 602 104.600000
603 1935 146.640000
603 2160 106.860000
603 2161 146.750000
604 602 146.990000
604 605 104.560000
604 606 146.280000
604 2161 104.740000
605 604 104.560000
605 4611 105.030000
606 604 146.280000
606 607 104.680000
606 608 146.740000
606 4612 104.560000
607 606 104.680000
607 611 146.690000
607 2161 146.530000
607 2162 107.370000
608 606 146.740000
608 609 104.550000
608 611 104.740000
608 2511 136.640000
609 608 104.550000
609 1060 104.970000
610 579 94.610000
610 633 94.460000
611 607 146.690000
611 608 104.740000
611 1061 137.210000
611 1062 107.260000
612 613 10.190000
612 614 104.590000
612 615 136.620000
612 2163 104.730000
613 612 10.190000
613 2511 9.830000
614 612 104.590000
614 4613 104.850000
615 612 136.620000
615 616 104.740000
615 617 146.540000
615 4614 104.530000
616 615 104.740000
616 1222 146.520000
616 2117 107.180000
616 2163 136.640000
617 521 146.840000
617 615 146.540000
617 618 104.570000
617 1222 104.740000
618 617 104.570000
618 3960 146.850000
618 4615 105.110000
619 620 104.630000
619 621 104.730000
619 622 15.660000
619 623 146.700000
619 3394 49.070000
620 619 104.630000
620 2530 104.870000
620 2534 12.780000
621 523 146.600000
621 619 104.730000
621 1168 106.970000
621 1169 73.570000
622 619 15.660000
622 3394 47.250000
622 3435 131.090000
623 619 146.700000
623 624 104.540000
623 625 104.750000
623 626 146.580000
624 623 104.540000
624 2532 104.900000
625 623 104.750000
625 1169 73.220000
625 2047 146.600000
625 2164 106.930000
626 623 146.580000
626 627 146.550000
627 626 146.550000
627 628 146.650000
628 627 146.650000
628 629 144.730000
629 628 144.730000
629 630 104.630000
629 2984 7.990000
629 4616 104.410000
630 629 104.630000
630 1619 144.660000
630 2985 8.090000
630 2986 109.530000
631 32 146.690000
631 632 146.370000
632 631 146.370000
632 2984 144.910000
633 610 94.460000
633 645 94.420000
634 470 94.310000
634 635 92.810000
635 313 75.990000
635 634 92.810000
636 637 71.640000
636 638 82.340000
637 636 71.640000
637 1326 75.740000
638 636 82.340000
638 2282 70.400000
639 640 81.560000
639 3237 80.280000
640 639 81.560000
640 1555 364.440000
641 642 94.640000
641 2659 94.470000
642 641 94.640000
642 2649 94.470000
643 480 94.640000
643 644 94.440000
644 643 94.440000
644 1431 94.350000
645 633 94.420000
645 652 94.610000
646 484 94.540000
646 647 94.810000
647 646 94.810000
647 1433 94.190000
648 649 70.990000
649 648 70.990000
649 3259 32.670000
650 465 85.310000
650 651 88.120000
651 650 88.120000
651 1173 83.630000
652 645 94.610000
652 677 94.550000
653 654 12.770000
653 655 201.640000
653 4044 17.000000
654 653 12.770000
654 658 150.050000
654 4236 17.830000
655 653 201.640000
655 4047 207.340000
656 657 207.190000
656 658 50.910000
657 656 207.190000
657 659 103.710000
657 660 89.650000
658 654 150.050000
658 656 50.910000
659 657 103.710000
659 4046 104.010000
660 657 89.650000
660 737 94.720000
661 662 3168.750000
661 738 76.680000
662 661 3168.750000
662 3293 15.860000
662 4653 15.400000
662 4654 37.210000
663 664 33.760000
663 665 144.570000
663 3911 155.150000
663 3915 32.710000
664 663 33.760000
664 3914 86.380000
664 3915 63.640000
665 663 144.570000
665 3293 107.290000
665 3331 26.190000
666 667 10.930000
666 668 153.510000
666 669 94.330000
666 3328 220.860000
667 666 10.930000
667 668 149.660000
667 2998 16.330000
667 2999 175.810000
668 666 153.510000
668 667 149.660000
668 3170 31.680000
669 666 94.330000
669 746 94.630000
670 225 13.380000
670 4045 86.390000
671 672 207.260000
671 673 207.610000
672 671 207.260000
672 4045 121.050000
673 671 207.610000
673 674 207.660000
673 706 78.180000
674 673 207.660000
674 675 207.150000
675 674 207.150000
675 676 207.840000
676 675 207.840000
676 4047 207.330000
677 652 94.550000
677 688 94.600000
678 679 56.740000
678 4773 99.060000
679 678 56.740000
679 680 208.940000
679 2246 160.280000
680 679 208.940000
680 4086 50.830000
680 4522 48.910000
681 682 143.310000
681 3560 34.000000
682 681 143.310000
682 3557 27.130000
682 3558 28.250000
683 684 77.440000
684 683 77.440000
684 1002 86.750000
685 686 15.310000
685 687 71.400000
686 685 15.310000
686 2958 139.580000
687 685 71.400000
687 1096 71.580000
688 677 94.600000
688 694 94.540000
689 690 52.590000
689 1218 52.580000
690 689 52.590000
690 2109 146.900000
690 4142 104.450000
690 4143 146.750000
691 692 52.430000
691 693 52.450000
692 691 52.430000
692 803 104.720000
693 691 52.450000
693 1596 52.310000
694 688 94.540000
694 704 94.420000
695 696 203.090000
695 697 44.530000
696 695 203.090000
696 1092 202.050000
696 3826 85.210000
697 695 44.530000
697 1086 19.250000
697 1091 20.580000
697 4538 94.590000
697 4550 90.480000
698 699 115.100000
698 700 203.590000
699 698 115.100000
699 866 85.720000
700 698 203.590000
700 1918 155.620000
701 702 112.690000
701 703 202.730000
702 701 112.690000
702 867 88.900000
703 701 202.730000
703 1919 188.230000
704 694 94.420000
704 705 94.560000
705 704 94.560000
705 706 94.610000
706 673 78.180000
706 705 94.610000
707 708 55.150000
707 709 75.010000
707 710 111.580000
708 707 55.150000
708 1674 29.480000
708 3868 27.900000
709 707 75.010000
709 1671 189.400000
710 707 111.580000
710 3578 101.430000
711 712 48.680000
711 713 361.960000
711 714 138.410000
712 711 48.680000
712 3578 49.580000
713 711 361.960000
713 2073 45.520000
713 3608 45.450000
714 711 138.410000
715 716 66.490000
716 715 66.490000
716 717 139.750000
716 4710 39.560000
717 716 139.750000
717 718 15.870000
717 719 85.580000
717 2749 274.910000
718 717 15.870000
718 1045 273.670000
718 1368 43.780000
719 717 85.580000
719 1394 13.250000
719 1928 72.830000
719 2766 18.570000
720 721 94.650000
720 792 94.760000
721 720 94.650000
721 2087 94.220000
722 723 48.220000
722 3507 73.900000
723 722 48.220000
723 2918 9.490000
723 2921 207.590000
723 3124 151.360000
724 725 102.360000
724 3124 44.440000
725 724 102.360000
725 1022 42.170000
726 727 79.310000
726 2241 92.360000
727 726 79.310000
727 1284 27.120000
728 729 54.520000
728 2239 342.420000
729 728 54.520000
729 2244 46.740000
729 2245 65.080000
730 541 84.580000
730 731 191.420000
731 730 191.420000
731 2308 276.490000
731 3538 198.210000
731 4369 194.480000
732 565 71.150000
732 733 70.040000
733 732 70.040000
733 4095 79.390000
734 735 94.550000
734 736 86.320000
735 734 94.550000
735 2215 94.380000
736 734 86.320000
736 4044 9.920000
736 4236 9.130000
737 660 94.720000
737 1828 94.190000
738 661 76.680000
738 739 20.450000
738 740 63.450000
738 3867 94.680000
739 738 20.450000
739 3293 3208.950000
739 3692 189.170000
740 738 63.450000
740 4046 79.130000
741 742 94.280000
741 743 94.430000
742 741 94.280000
742 1347 98.840000
743 741 94.430000
743 1740 94.450000
744 745 94.420000
744 746 94.540000
745 744 94.420000
745 2091 94.380000
746 669 94.630000
746 744 94.540000
747 748 973.810000
747 3549 961.950000
747 4376 140.800000
748 747 973.810000
748 2279 222.350000
748 3213 303.170000
749 750 80.460000
749 751 78.810000
750 749 80.460000
750 3128 139.400000
750 3641 144.930000
751 749 78.810000
751 752 82.580000
752 751 82.580000
752 753 83.070000
752 913 177.520000
752 2123 178.350000
753 420 78.900000
753 752 83.070000
754 363 96.570000
754 755 177.630000
754 756 96.480000
754 757 178.280000
755 754 177.630000
755 959 178.480000
756 754 96.480000
756 758 96.250000
757 754 178.280000
757 1517 178.010000
758 553 96.550000
758 756 96.250000
758 759 177.740000
758 760 178.070000
759 758 177.740000
759 985 178.740000
760 758 178.070000
760 2253 178.000000
761 762 10.030000
761 767 165.390000
762 761 10.030000
762 1598 60.540000
763 505 97.250000
763 2863 177.110000
763 2864 13.060000
763 2866 89.940000
764 765 197.200000
764 766 195.960000
765 764 197.200000
765 1098 90.130000
765 4474 88.060000
766 458 98.150000
766 764 195.960000
767 761 165.390000
767 3272 103.700000
768 769 200.250000
769 768 200.250000
769 1583 207.070000
770 771 94.540000
770 772 94.280000
771 770 94.540000
771 2195 88.500000
772 770 94.280000
772 1631 293.160000
772 1704 206.940000
773 774 94.420000
773 775 94.470000
774 481 94.380000
774 773 94.420000
775 773 94.470000
775 1269 94.600000
775 2655 207.480000
775 4701 207.400000
776 777 77.580000
776 778 77.870000
777 776 77.580000
777 1877 77.560000
778 776 77.870000
778 1275 77.700000
779 780 94.180000
779 781 94.480000
780 485 94.490000
780 779 94.180000
781 779 94.480000
781 4217 93.280000
782 550 116.420000
782 2312 192.650000
783 469 140.110000
783 1570 25.100000
784 785 66.950000
784 786 136.810000
785 784 66.950000
785 2227 10.460000
786 784 136.810000
786 1773 31.020000
787 788 53.430000
787 789 87.900000
788 787 53.430000
788 3245 99.050000
789 787 87.900000
789 1548 112.220000
790 791 105.140000
790 1969 99.310000
791 790 105.140000
791 1593 104.120000
792 720 94.760000
792 1299 40.730000
793 794 104.340000
793 795 105.020000
794 252 104.170000
794 793 104.340000
795 793 105.020000
795 1972 53.220000
795 4781 73.050000
795 4782 115.510000
796 797 104.850000
796 1594 104.860000
797 796 104.850000
797 1973 104.610000
797 1976 135.660000
797 2494 10.510000
798 799 104.910000
798 1976 104.710000
799 798 104.910000
799 1595 94.800000
800 801 104.820000
800 802 104.870000
801 800 104.820000
801 1230 104.850000
801 1976 146.520000
801 4784 146.610000
802 800 104.870000
802 1231 94.720000
803 692 104.720000
803 1977 104.850000
803 4076 146.590000
804 805 104.750000
804 806 104.910000
805 804 104.750000
805 1769 104.830000
806 804 104.910000
806 1597 94.380000
807 808 35.040000
807 809 97.530000
807 1550 43.610000
807 1551 25.840000
808 807 35.040000
808 3449 52.040000
808 3450 224.390000
809 807 97.530000
809 812 97.990000
810 811 92.520000
810 812 96.480000
811 810 92.520000
811 813 91.940000
812 809 97.990000
812 810 96.480000
812 3228 262.050000
812 3234 176.160000
813 811 91.940000
813 3770 9.530000
814 815 83.960000
814 816 94.710000
815 814 83.960000
815 817 198.610000
816 814 94.710000
816 3770 89.790000
817 815 198.610000
817 818 201.270000
818 817 201.270000
818 819 225.200000
819 818 225.200000
819 823 36.900000
819 3707 54.940000
820 17 89.310000
820 821 127.970000
820 822 156.820000
821 820 127.970000
821 2336 86.350000
822 820 156.820000
823 819 36.900000
823 824 56.670000
824 823 56.670000
824 905 14.220000
825 826 11.830000
825 827 103.560000
825 828 101.200000
825 986 133.730000
826 825 11.830000
826 2354 97.330000
826 2772 107.620000
827 825 103.560000
827 987 126.620000
828 825 101.200000
828 2354 12.190000
